0 2 4 6 7 11 12 13 16 19 20 24 25 26 27 28 29 1
1 1 1 1 1 1 1 1 1 1 1 1 1 1 1 1 1 1
3 2 3 3 3 3 3 3 3 3 3 3 3 3 3 3 3 1
3 3 3 3 3 3 3 3 3 3 3 3 3 3 3 3 3 1
5 4 4 5 5 5 5 5 5 5 5 5 5 5 5 5 5 1
5 5 5 5 5 5 5 5 5 5 5 5 5 5 5 5 5 1
6 6 6 6 6 6 6 6 6 6 6 6 6 6 6 6 6 1
10 10 10 8 10 10 10 10 10 10 10 10 10 10 10 10 10 1
8 8 8 9 8 8 8 8 8 8 8 8 8 8 8 8 8 1
8 8 8 8 0 8 8 8 8 8 8 8 8 8 8 8 8 1
10 10 10 10 10 10 10 10 10 10 10 10 10 10 10 10 10 1
11 11 11 11 11 11 11 11 11 11 11 11 11 11 11 11 11 1
12 12 12 12 12 12 12 12 12 12 12 12 12 12 12 12 12 1
14 14 14 14 14 14 14 15 14 14 1 14 14 14 14 14 14 1
14 14 14 14 14 14 14 14 14 14 14 14 14 14 14 14 14 1
15 15 15 15 15 15 15 15 15 15 15 15 15 15 15 15 15 1
17 17 17 17 17 17 17 18 17 17 1 17 17 17 17 17 17 1
17 17 17 17 17 17 17 17 17 17 17 17 17 17 17 17 17 1
18 18 18 18 18 18 18 18 18 18 18 18 18 18 18 18 18 1
21 21 21 21 21 21 21 22 21 21 21 21 21 21 21 21 1
1 1 1 1 1 1 1 23 1 1 1 1 1 1 1 1 1 1
21 21 21 21 21 21 21 21 21 21 21 21 21 21 21 21 1
22 22 22 22 22 22 22 22 22 22 22 22 22 22 22 22 1
23 23 23 23 23 23 23 23 23 23 23 23 23 23 23 23 1
24 24 24 24 24 24 24 24 24 24 24 24 24 24 24 24 1
25 25 25 25 25 25 25 25 25 25 25 25 25 25 25 25 1
26 26 26 26 26 26 26 26 26 26 26 26 26 26 26 26 1
27 27 27 27 27 27 27 27 27 27 27 27 27 27 27 27 1
28 28 28 28 28 28 28 28 28 28 28 28 28 28 28 28 1
29 29 29 29 29 29 29 29 29 29 29 29 29 29 29 29 1
30 30 30 30 30 30 30 30 30 30 30 30 30 30 30 30 1
31 31 31 31 31 31 31 31 31 31 31 31 31 31 31 31 1
32 32 32 32 32 32 32 32 32 32 32 32 32 32 32 32 1
33 33 33 33 33 33 33 33 33 33 33 33 33 33 33 33 1
34 34 34 34 34 34 34 34 34 34 34 34 34 34 34 34 1
35 35 35 35 35 35 35 35 35 35 35 35 35 35 35 35 1
36 36 36 36 36 36 36 36 36 36 36 36 36 36 36 36 1
37 37 37 37 37 37 37 37 37 37 37 37 37 37 37 37 1
38 38 38 38 38 38 38 38 38 38 38 38 38 38 38 38 1
39 39 39 39 39 39 39 39 39 39 39 39 39 39 39 39 1
40 40 40 40 40 40 40 40 40 40 40 40 40 40 40 40 1